0.36
0.46
0.46
3.66
3.69
5.65
6.19
8.14
8.41
8.45
9.51
10.24
10.31
12.13
13.02
14.28
16.33
16.9
17.66
18.01
18.43
18.45
20.38
20.9
23.1
24.44
26.45
27.49
28.39
28.5
28.68
29.41
30.55
31.44
31.78
34.12
36.01
36.81
37.74
40.51
41.05
41.65
43.21
43.74
44.67
44.8
45.1
45.82
46.26
46.54
47.11
47.21
47.32
47.52
47.75
47.77
48.09
49.93
50.61
50.96
51.88
53.28
56.3
57.56
58.75
59.03
61.02
61.53
62.46
64.1
65.98
67.17
67.39
68.48
69.45
70.15
72.6
74.15
74.69
76.95
78.74
79.58
81.48
85.13
85.2
85.25
85.75
86.27
88.83
89.04
89.71
91.61
93.11
93.79
94.22
94.68
95.05
96.53
97.14
98.32
