100
0.541599
0.216916
0.316326
0.25368
0.629347
0.48206
0.127361
0.474348
0.744411
0.860827
0.503332
0.517771
0.486238
0.508588
0.66325
0.0268841
0.321423
0.338278
0.372902
0.262713
0.217868
0.955813
0.468654
0.511487
0.0816681
0.09357
0.668365
0.78666
0.340486
0.0106501
0.763158
0.0446086
0.517162
0.828696
0.783804
0.632758
0.137305
0.272003
0.235463
0.188866
0.814622
0.780681
0.994532
0.710245
0.857726
0.465607
0.961356
0.0116391
0.242187
0.873931
0.0625515
0.29054
0.291556
0.0338719
0.696678
0.0186608
0.911136
0.74757
0.217032
0.87834
0.718226
0.600725
0.545291
0.962613
0.912606
0.65779
0.509772
0.95771
0.231008
0.311456
0.00204882
0.52672
0.829311
0.255191
0.545674
0.61318
0.436237
0.0475634
0.370766
0.88334
0.622261
0.237127
0.588205
0.0258384
0.527527
0.516592
0.557185
0.127563
0.892481
0.875048
0.0398746
0.844423
0.734994
0.216982
0.236945
0.585801
0.517728
0.416844
0.297697
0.431418
